CNV.ID	Sample	Correlation	N.comp	Start.b	End.b	CNV.type	N.exons	Start	End	Chromosome	Genomic.ID	BF	Reads.expected	Reads.observed	Reads.ratio	Gene
1	3_3_DNA_MID051_MT_3.trimmed.dedup_repaired_sorted	0.918020210516388	3	1952	1963	deletion	12	127738213	127740964	8	chr8:127738213-127740964	7.04	227390	122853	0.54	NF1
2	3_3_DNA_MID051_MT_3.trimmed.dedup_repaired_sorted	0.918020210516388	3	2432	2480	deletion	65	123382446	123930201	9	chr9:123382446-123930201	46.1	1934	845	0.437	DNMT3A
2	3_3_DNA_MID051_MT_3.trimmed.dedup_repaired_sorted	0.918020210516388	3	2481	2482	deletion	65	123382446	123930201	9	chr9:123382446-123930201	46.1	1934	845	0.437	XPO1
2	3_3_DNA_MID051_MT_3.trimmed.dedup_repaired_sorted	0.918020210516388	3	2483	2494	deletion	65	123382446	123930201	9	chr9:123382446-123930201	46.1	1934	845	0.437	SF3B1
2	3_3_DNA_MID051_MT_3.trimmed.dedup_repaired_sorted	0.918020210516388	3	2495	2496	deletion	65	123382446	123930201	9	chr9:123382446-123930201	46.1	1934	845	0.437	IDH1
3	3_3_DNA_MID051_MT_3.trimmed.dedup_repaired_sorted	0.918020210516388	3	2536	2577	deletion	267	125146568	128916428	9	chr9:125146568-128916428	116	9193	5073	0.552	RUNX1
3	3_3_DNA_MID051_MT_3.trimmed.dedup_repaired_sorted	0.918020210516388	3	2578	2603	deletion	267	125146568	128916428	9	chr9:125146568-128916428	116	9193	5073	0.552	ERG
3	3_3_DNA_MID051_MT_3.trimmed.dedup_repaired_sorted	0.918020210516388	3	2604	2607	deletion	267	125146568	128916428	9	chr9:125146568-128916428	116	9193	5073	0.552	U2AF1
3	3_3_DNA_MID051_MT_3.trimmed.dedup_repaired_sorted	0.918020210516388	3	2608	2609	deletion	267	125146568	128916428	9	chr9:125146568-128916428	116	9193	5073	0.552	COL6A2
3	3_3_DNA_MID051_MT_3.trimmed.dedup_repaired_sorted	0.918020210516388	3	2610	2644	deletion	267	125146568	128916428	9	chr9:125146568-128916428	116	9193	5073	0.552	TXNRD2
3	3_3_DNA_MID051_MT_3.trimmed.dedup_repaired_sorted	0.918020210516388	3	2645	2658	deletion	267	125146568	128916428	9	chr9:125146568-128916428	116	9193	5073	0.552	COMT
3	3_3_DNA_MID051_MT_3.trimmed.dedup_repaired_sorted	0.918020210516388	3	2659	2686	deletion	267	125146568	128916428	9	chr9:125146568-128916428	116	9193	5073	0.552	PPM1F
3	3_3_DNA_MID051_MT_3.trimmed.dedup_repaired_sorted	0.918020210516388	3	2687	2692	deletion	267	125146568	128916428	9	chr9:125146568-128916428	116	9193	5073	0.552	VPREB1
3	3_3_DNA_MID051_MT_3.trimmed.dedup_repaired_sorted	0.918020210516388	3	2693	2802	deletion	267	125146568	128916428	9	chr9:125146568-128916428	116	9193	5073	0.552	BCR
4	3_3_DNA_MID051_MT_3.trimmed.dedup_repaired_sorted	0.918020210516388	3	3971	3975	deletion	5	32434786	32435385	11	chr11:32434786-32435385	4.07	13616	6460	0.474	TET2
5	3_3_DNA_MID051_MT_3.trimmed.dedup_repaired_sorted	0.918020210516388	3	4812	4817	deletion	6	121827462	121828118	12	chr12:121827462-121828118	4.19	69168	34512	0.499	IKZF1
6	3_3_DNA_MID051_MT_3.trimmed.dedup_repaired_sorted	0.918020210516388	3	4873	4967	duplication	133	48306945	48524815	13	chr13:48306945-48524815	79.7	358687	532307	1.48	IKZF1
6	3_3_DNA_MID051_MT_3.trimmed.dedup_repaired_sorted	0.918020210516388	3	4968	4987	duplication	133	48306945	48524815	13	chr13:48306945-48524815	79.7	358687	532307	1.48	FIGNL1
6	3_3_DNA_MID051_MT_3.trimmed.dedup_repaired_sorted	0.918020210516388	3	4988	5005	duplication	133	48306945	48524815	13	chr13:48306945-48524815	79.7	358687	532307	1.48	CUX1
7	3_3_DNA_MID051_MT_3.trimmed.dedup_repaired_sorted	0.918020210516388	3	5067	5095	duplication	29	3735997	3767992	16	chr16:3735997-3767992	11.9	81246	114471	1.41	EZH2
8	3_3_DNA_MID051_MT_3.trimmed.dedup_repaired_sorted	0.918020210516388	3	5277	5277	duplication	10	16034679	16040581	17	chr17:16034679-16040581	5.73	33135	50435	1.52	RAD21
8	3_3_DNA_MID051_MT_3.trimmed.dedup_repaired_sorted	0.918020210516388	3	5278	5286	duplication	10	16034679	16040581	17	chr17:16034679-16040581	5.73	33135	50435	1.52	MYC
9	3_3_DNA_MID051_MT_3.trimmed.dedup_repaired_sorted	0.918020210516388	3	5305	5336	duplication	71	16064012	16153500	17	chr17:16064012-16153500	40.3	270914	391824	1.45	MLLT3
9	3_3_DNA_MID051_MT_3.trimmed.dedup_repaired_sorted	0.918020210516388	3	5337	5375	duplication	71	16064012	16153500	17	chr17:16064012-16153500	40.3	270914	391824	1.45	FOCAD
10	3_3_DNA_MID051_MT_3.trimmed.dedup_repaired_sorted	0.918020210516388	3	5394	5465	duplication	126	31155941	31361026	17	chr17:31155941-31361026	70.4	379122	571845	1.51	FOCAD
10	3_3_DNA_MID051_MT_3.trimmed.dedup_repaired_sorted	0.918020210516388	3	5466	5485	duplication	126	31155941	31361026	17	chr17:31155941-31361026	70.4	379122	571845	1.51	MTAP
10	3_3_DNA_MID051_MT_3.trimmed.dedup_repaired_sorted	0.918020210516388	3	5486	5516	duplication	126	31155941	31361026	17	chr17:31155941-31361026	70.4	379122	571845	1.51	CDKN2A
10	3_3_DNA_MID051_MT_3.trimmed.dedup_repaired_sorted	0.918020210516388	3	5517	5519	duplication	126	31155941	31361026	17	chr17:31155941-31361026	70.4	379122	571845	1.51	CDKN2B-AS1
11	3_3_DNA_MID051_MT_3.trimmed.dedup_repaired_sorted	0.918020210516388	3	5594	5603	duplication	10	42202280	42210560	17	chr17:42202280-42210560	5.81	21914	34019	1.55	PAX5
12	3_3_DNA_MID051_MT_3.trimmed.dedup_repaired_sorted	0.918020210516388	3	5634	5658	duplication	25	57257071	57631931	17	chr17:57257071-57631931	14.1	52004	78456	1.51	PAX5
13	3_3_DNA_MID051_MT_3.trimmed.dedup_repaired_sorted	0.918020210516388	3	5671	5688	duplication	18	60623459	60663633	17	chr17:60623459-60663633	10.2	55338	84784	1.53	PAX5
14	3_3_DNA_MID051_MT_3.trimmed.dedup_repaired_sorted	0.918020210516388	3	6186	6225	duplication	42	23183429	23226457	22	chr22:23183429-23226457	18.9	123080	176326	1.43	NUP188
14	3_3_DNA_MID051_MT_3.trimmed.dedup_repaired_sorted	0.918020210516388	3	6226	6227	duplication	42	23183429	23226457	22	chr22:23183429-23226457	18.9	123080	176326	1.43	USP20
15	3_3_DNA_MID051_MT_3.trimmed.dedup_repaired_sorted	0.918020210516388	3	6265	6269	duplication	5	23262494	23263157	22	chr22:23262494-23263157	4.15	7467	13025	1.74	USP20
16	3_3_DNA_MID051_MT_3.trimmed.dedup_repaired_sorted	0.918020210516388	3	6603	6604	duplication	20	24324137	24369386	22	chr22:24324137-24369386	11	45836	67568	1.47	ASS1
16	3_3_DNA_MID051_MT_3.trimmed.dedup_repaired_sorted	0.918020210516388	3	6605	6622	duplication	20	24324137	24369386	22	chr22:24324137-24369386	11	45836	67568	1.47	FUBP3
17	3_3_DNA_MID051_MT_3.trimmed.dedup_repaired_sorted	0.918020210516388	3	6655	6658	duplication	14	24620408	24628415	22	chr22:24620408-24628415	14.3	30498	58747	1.93	EXOSC2
17	3_3_DNA_MID051_MT_3.trimmed.dedup_repaired_sorted	0.918020210516388	3	6659	6668	duplication	14	24620408	24628415	22	chr22:24620408-24628415	14.3	30498	58747	1.93	ABL1
18	3_3_DNA_MID051_MT_3.trimmed.dedup_repaired_sorted	0.918020210516388	3	6944	6995	duplication	52	41135733	41173823	22	chr22:41135733-41173823	28.6	152090	221476	1.46	NOTCH1
19	3_3_DNA_MID051_MT_3.trimmed.dedup_repaired_sorted	0.918020210516388	3	7022	7033	duplication	12	1196726	1212713	X	chrX:1196726-1212713	6.99	18761	28502	1.52	CRLF2
20	3_3_DNA_MID051_MT_3.trimmed.dedup_repaired_sorted	0.918020210516388	3	7038	7056	duplication	19	15799879	15820381	X	chrX:15799879-15820381	12.3	26101	39809	1.53	ZRSR2
21	3_3_DNA_MID051_MT_3.trimmed.dedup_repaired_sorted	0.918020210516388	3	7131	7155	duplication	25	45010865	45062813	X	chrX:45010865-45062813	14.1	26048	39757	1.53	KDM6A
22	3_3_DNA_MID051_MT_3.trimmed.dedup_repaired_sorted	0.918020210516388	3	7167	7193	duplication	27	45076653	45111540	X	chrX:45076653-45111540	17	42169	64461	1.53	KDM6A
23	3_3_DNA_MID051_MT_3.trimmed.dedup_repaired_sorted	0.918020210516388	3	7218	7224	duplication	7	119575378	119583305	X	chrX:119575378-119583305	4.64	5831	9117	1.56	UBE2A
24	3_3_DNA_MID051_MT_3.trimmed.dedup_repaired_sorted	0.918020210516388	3	7232	7301	duplication	70	124021277	124100665	X	chrX:124021277-124100665	40.1	74502	111610	1.5	STAG2
25	3_3_DNA_MID051_MT_3.trimmed.dedup_repaired_sorted	0.918020210516388	3	7362	7381	duplication	20	134377489	134425386	X	chrX:134377489-134425386	12.4	20979	33395	1.59	PHF6
26	3_9_DNA_AS_3_BC.trimmed.dedup_repaired_sorted	0.434271734368585	7	4853	4967	deletion	155	28049339	48533185	13	chr13:28049339-48533185	79.1	158876	0	0	IKZF1
26	3_9_DNA_AS_3_BC.trimmed.dedup_repaired_sorted	0.434271734368585	7	4968	4987	deletion	155	28049339	48533185	13	chr13:28049339-48533185	79.1	158876	0	0	FIGNL1
26	3_9_DNA_AS_3_BC.trimmed.dedup_repaired_sorted	0.434271734368585	7	4988	5007	deletion	155	28049339	48533185	13	chr13:28049339-48533185	79.1	158876	0	0	CUX1
27	3_9_DNA_AS_3_BC.trimmed.dedup_repaired_sorted	0.434271734368585	7	5010	5036	deletion	27	104770258	104792735	14	chr14:104770258-104792735	15.3	55005	0	0	CUX1
28	3_9_DNA_AS_3_BC.trimmed.dedup_repaired_sorted	0.434271734368585	7	5041	5056	deletion	204	3727494	67098879	16	chr16:3727494-67098879	118	560553	0	0	CUX1
28	3_9_DNA_AS_3_BC.trimmed.dedup_repaired_sorted	0.434271734368585	7	5057	5107	deletion	204	3727494	67098879	16	chr16:3727494-67098879	118	560553	0	0	EZH2
28	3_9_DNA_AS_3_BC.trimmed.dedup_repaired_sorted	0.434271734368585	7	5108	5109	deletion	204	3727494	67098879	16	chr16:3727494-67098879	118	560553	0	0	ZMAT4
28	3_9_DNA_AS_3_BC.trimmed.dedup_repaired_sorted	0.434271734368585	7	5110	5194	deletion	204	3727494	67098879	16	chr16:3727494-67098879	118	560553	0	0	KAT6A
28	3_9_DNA_AS_3_BC.trimmed.dedup_repaired_sorted	0.434271734368585	7	5195	5244	deletion	204	3727494	67098879	16	chr16:3727494-67098879	118	560553	0	0	RUNX1T1
29	3_9_DNA_AS_3_BC.trimmed.dedup_repaired_sorted	0.434271734368585	7	5245	5247	deletion	28	7669530	7687552	17	chr17:7669530-7687552	15.7	49149	0	0	RUNX1T1
29	3_9_DNA_AS_3_BC.trimmed.dedup_repaired_sorted	0.434271734368585	7	5248	5272	deletion	28	7669530	7687552	17	chr17:7669530-7687552	15.7	49149	0	0	RAD21
30	3_9_DNA_AS_3_BC.trimmed.dedup_repaired_sorted	0.434271734368585	7	5274	5277	deletion	415	16032157	60663633	17	chr17:16032157-60663633	228	769942	0	0	RAD21
30	3_9_DNA_AS_3_BC.trimmed.dedup_repaired_sorted	0.434271734368585	7	5278	5291	deletion	415	16032157	60663633	17	chr17:16032157-60663633	228	769942	0	0	MYC
30	3_9_DNA_AS_3_BC.trimmed.dedup_repaired_sorted	0.434271734368585	7	5292	5293	deletion	415	16032157	60663633	17	chr17:16032157-60663633	228	769942	0	0	FAM135B
30	3_9_DNA_AS_3_BC.trimmed.dedup_repaired_sorted	0.434271734368585	7	5294	5303	deletion	415	16032157	60663633	17	chr17:16032157-60663633	228	769942	0	0	JAK2
30	3_9_DNA_AS_3_BC.trimmed.dedup_repaired_sorted	0.434271734368585	7	5304	5336	deletion	415	16032157	60663633	17	chr17:16032157-60663633	228	769942	0	0	MLLT3
30	3_9_DNA_AS_3_BC.trimmed.dedup_repaired_sorted	0.434271734368585	7	5337	5465	deletion	415	16032157	60663633	17	chr17:16032157-60663633	228	769942	0	0	FOCAD
30	3_9_DNA_AS_3_BC.trimmed.dedup_repaired_sorted	0.434271734368585	7	5466	5485	deletion	415	16032157	60663633	17	chr17:16032157-60663633	228	769942	0	0	MTAP
30	3_9_DNA_AS_3_BC.trimmed.dedup_repaired_sorted	0.434271734368585	7	5486	5516	deletion	415	16032157	60663633	17	chr17:16032157-60663633	228	769942	0	0	CDKN2A
30	3_9_DNA_AS_3_BC.trimmed.dedup_repaired_sorted	0.434271734368585	7	5517	5572	deletion	415	16032157	60663633	17	chr17:16032157-60663633	228	769942	0	0	CDKN2B-AS1
30	3_9_DNA_AS_3_BC.trimmed.dedup_repaired_sorted	0.434271734368585	7	5573	5688	deletion	415	16032157	60663633	17	chr17:16032157-60663633	228	769942	0	0	PAX5
31	3_9_DNA_AS_3_BC.trimmed.dedup_repaired_sorted	0.434271734368585	7	5691	5728	deletion	54	44701144	45063759	18	chr18:44701144-45063759	33.5	413218	0	0	PAX5
31	3_9_DNA_AS_3_BC.trimmed.dedup_repaired_sorted	0.434271734368585	7	5729	5744	deletion	54	44701144	45063759	18	chr18:44701144-45063759	33.5	413218	0	0	ZCCHC7
32	3_9_DNA_AS_3_BC.trimmed.dedup_repaired_sorted	0.434271734368585	7	5747	5759	deletion	70	1611658	6270857	19	chr19:1611658-6270857	39	139286	0	0	ZCCHC7
32	3_9_DNA_AS_3_BC.trimmed.dedup_repaired_sorted	0.434271734368585	7	5760	5816	deletion	70	1611658	6270857	19	chr19:1611658-6270857	39	139286	0	0	DENND1A
33	3_9_DNA_AS_3_BC.trimmed.dedup_repaired_sorted	0.434271734368585	7	5819	5824	deletion	144	10984074	18522083	19	chr19:10984074-18522083	81.2	292707	0	0	DENND1A
33	3_9_DNA_AS_3_BC.trimmed.dedup_repaired_sorted	0.434271734368585	7	5825	5863	deletion	144	10984074	18522083	19	chr19:10984074-18522083	81.2	292707	0	0	NEK6
33	3_9_DNA_AS_3_BC.trimmed.dedup_repaired_sorted	0.434271734368585	7	5864	5903	deletion	144	10984074	18522083	19	chr19:10984074-18522083	81.2	292707	0	0	PPP6C
33	3_9_DNA_AS_3_BC.trimmed.dedup_repaired_sorted	0.434271734368585	7	5904	5911	deletion	144	10984074	18522083	19	chr19:10984074-18522083	81.2	292707	0	0	SWI5
33	3_9_DNA_AS_3_BC.trimmed.dedup_repaired_sorted	0.434271734368585	7	5912	5925	deletion	144	10984074	18522083	19	chr19:10984074-18522083	81.2	292707	0	0	URM1
33	3_9_DNA_AS_3_BC.trimmed.dedup_repaired_sorted	0.434271734368585	7	5926	5952	deletion	144	10984074	18522083	19	chr19:10984074-18522083	81.2	292707	0	0	CERCAM
33	3_9_DNA_AS_3_BC.trimmed.dedup_repaired_sorted	0.434271734368585	7	5953	5962	deletion	144	10984074	18522083	19	chr19:10984074-18522083	81.2	292707	0	0	SPTAN1
34	3_9_DNA_AS_3_BC.trimmed.dedup_repaired_sorted	0.434271734368585	7	5964	5975	deletion	12	33301285	33302595	19	chr19:33301285-33302595	6.17	12292	0	0	SPTAN1
35	3_9_DNA_AS_3_BC.trimmed.dedup_repaired_sorted	0.434271734368585	7	5976	6008	deletion	33	32433181	32437446	20	chr20:32433181-32437446	20.6	149467	0	0	SPTAN1
36	3_9_DNA_AS_3_BC.trimmed.dedup_repaired_sorted	0.434271734368585	7	6009	6052	deletion	44	34792065	34893057	21	chr21:34792065-34893057	25.5	170685	0	0	SPTAN1
37	3_9_DNA_AS_3_BC.trimmed.dedup_repaired_sorted	0.434271734368585	7	6055	6069	deletion	26	38383290	38498549	21	chr21:38383290-38498549	14.8	60689	0	0	SPTAN1
37	3_9_DNA_AS_3_BC.trimmed.dedup_repaired_sorted	0.434271734368585	7	6070	6080	deletion	26	38383290	38498549	21	chr21:38383290-38498549	14.8	60689	0	0	PKN3
38	3_9_DNA_AS_3_BC.trimmed.dedup_repaired_sorted	0.434271734368585	7	6087	6108	deletion	37	19876953	19941902	22	chr22:19876953-19941902	20.7	78075	0	0	PKN3
38	3_9_DNA_AS_3_BC.trimmed.dedup_repaired_sorted	0.434271734368585	7	6109	6123	deletion	37	19876953	19941902	22	chr22:19876953-19941902	20.7	78075	0	0	LRRC8A
39	3_9_DNA_AS_3_BC.trimmed.dedup_repaired_sorted	0.434271734368585	7	6136	6169	deletion	34	21922794	22245435	22	chr22:21922794-22245435	20.8	134438	0	0	NUP188
40	3_9_DNA_AS_3_BC.trimmed.dedup_repaired_sorted	0.434271734368585	7	6171	6225	deletion	212	23180841	23317718	22	chr22:23180841-23317718	123	1034748	0	0	NUP188
40	3_9_DNA_AS_3_BC.trimmed.dedup_repaired_sorted	0.434271734368585	7	6226	6280	deletion	212	23180841	23317718	22	chr22:23180841-23317718	123	1034748	0	0	USP20
40	3_9_DNA_AS_3_BC.trimmed.dedup_repaired_sorted	0.434271734368585	7	6281	6304	deletion	212	23180841	23317718	22	chr22:23180841-23317718	123	1034748	0	0	GPR107
40	3_9_DNA_AS_3_BC.trimmed.dedup_repaired_sorted	0.434271734368585	7	6305	6316	deletion	212	23180841	23317718	22	chr22:23180841-23317718	123	1034748	0	0	NCS1
40	3_9_DNA_AS_3_BC.trimmed.dedup_repaired_sorted	0.434271734368585	7	6317	6382	deletion	212	23180841	23317718	22	chr22:23180841-23317718	123	1034748	0	0	HMCN2
41	3_9_DNA_AS_3_BC.trimmed.dedup_repaired_sorted	0.434271734368585	7	6397	6424	deletion	28	23786867	23834278	22	chr22:23786867-23834278	16.3	97243	0	0	HMCN2
42	3_9_DNA_AS_3_BC.trimmed.dedup_repaired_sorted	0.434271734368585	7	6457	6570	deletion	172	24011271	24414698	22	chr22:24011271-24414698	97.1	414955	0	0	HMCN2
42	3_9_DNA_AS_3_BC.trimmed.dedup_repaired_sorted	0.434271734368585	7	6571	6604	deletion	172	24011271	24414698	22	chr22:24011271-24414698	97.1	414955	0	0	ASS1
42	3_9_DNA_AS_3_BC.trimmed.dedup_repaired_sorted	0.434271734368585	7	6605	6628	deletion	172	24011271	24414698	22	chr22:24011271-24414698	97.1	414955	0	0	FUBP3
43	3_9_DNA_AS_3_BC.trimmed.dedup_repaired_sorted	0.434271734368585	7	6639	6640	deletion	31	24603096	24628890	22	chr22:24603096-24628890	17	54397	0	0	PRDM12
43	3_9_DNA_AS_3_BC.trimmed.dedup_repaired_sorted	0.434271734368585	7	6641	6658	deletion	31	24603096	24628890	22	chr22:24603096-24628890	17	54397	0	0	EXOSC2
43	3_9_DNA_AS_3_BC.trimmed.dedup_repaired_sorted	0.434271734368585	7	6659	6669	deletion	31	24603096	24628890	22	chr22:24603096-24628890	17	54397	0	0	ABL1
44	3_9_DNA_AS_3_BC.trimmed.dedup_repaired_sorted	0.434271734368585	7	6730	6739	deletion	93	36282600	36387977	22	chr22:36282600-36387977	53.8	299299	0	0	AIF1L
44	3_9_DNA_AS_3_BC.trimmed.dedup_repaired_sorted	0.434271734368585	7	6740	6822	deletion	93	36282600	36387977	22	chr22:36282600-36387977	53.8	299299	0	0	NUP214
45	3_9_DNA_AS_3_BC.trimmed.dedup_repaired_sorted	0.434271734368585	7	6825	6835	deletion	68	40245974	40323293	22	chr22:40245974-40323293	39.3	192805	0	0	NUP214
45	3_9_DNA_AS_3_BC.trimmed.dedup_repaired_sorted	0.434271734368585	7	6836	6884	deletion	68	40245974	40323293	22	chr22:40245974-40323293	39.3	192805	0	0	RAPGEF1
45	3_9_DNA_AS_3_BC.trimmed.dedup_repaired_sorted	0.434271734368585	7	6885	6892	deletion	68	40245974	40323293	22	chr22:40245974-40323293	39.3	192805	0	0	MED27
46	3_9_DNA_AS_3_BC.trimmed.dedup_repaired_sorted	0.434271734368585	7	6926	7002	deletion	92	41092914	41179006	22	chr22:41092914-41179006	52.2	242180	0	0	NOTCH1
46	3_9_DNA_AS_3_BC.trimmed.dedup_repaired_sorted	0.434271734368585	7	7003	7017	deletion	92	41092914	41179006	22	chr22:41092914-41179006	52.2	242180	0	0	NPDC1
47	3_9_DNA_AS_3_BC.trimmed.dedup_repaired_sorted	0.434271734368585	7	7022	7033	deletion	360	1196726	134425386	X	chrX:1196726-134425386	186	447188	0	0	CRLF2
47	3_9_DNA_AS_3_BC.trimmed.dedup_repaired_sorted	0.434271734368585	7	7034	7061	deletion	360	1196726	134425386	X	chrX:1196726-134425386	186	447188	0	0	ZRSR2
47	3_9_DNA_AS_3_BC.trimmed.dedup_repaired_sorted	0.434271734368585	7	7062	7121	deletion	360	1196726	134425386	X	chrX:1196726-134425386	186	447188	0	0	BCOR
47	3_9_DNA_AS_3_BC.trimmed.dedup_repaired_sorted	0.434271734368585	7	7122	7193	deletion	360	1196726	134425386	X	chrX:1196726-134425386	186	447188	0	0	KDM6A
47	3_9_DNA_AS_3_BC.trimmed.dedup_repaired_sorted	0.434271734368585	7	7194	7212	deletion	360	1196726	134425386	X	chrX:1196726-134425386	186	447188	0	0	SMC1A
47	3_9_DNA_AS_3_BC.trimmed.dedup_repaired_sorted	0.434271734368585	7	7213	7224	deletion	360	1196726	134425386	X	chrX:1196726-134425386	186	447188	0	0	UBE2A
47	3_9_DNA_AS_3_BC.trimmed.dedup_repaired_sorted	0.434271734368585	7	7225	7301	deletion	360	1196726	134425386	X	chrX:1196726-134425386	186	447188	0	0	STAG2
47	3_9_DNA_AS_3_BC.trimmed.dedup_repaired_sorted	0.434271734368585	7	7302	7361	deletion	360	1196726	134425386	X	chrX:1196726-134425386	186	447188	0	0	BCORL1
47	3_9_DNA_AS_3_BC.trimmed.dedup_repaired_sorted	0.434271734368585	7	7362	7381	deletion	360	1196726	134425386	X	chrX:1196726-134425386	186	447188	0	0	PHF6
48	4_1_DNA_K562_KASUMI_1.trimmed.dedup_repaired_sorted	0.746640096305748	1	2001	2032	deletion	157	20620575	21862125	9	chr9:20620575-21862125	149	231857	96270	0.415	RARA
48	4_1_DNA_K562_KASUMI_1.trimmed.dedup_repaired_sorted	0.746640096305748	1	2033	2071	deletion	157	20620575	21862125	9	chr9:20620575-21862125	149	231857	96270	0.415	STAT5B
48	4_1_DNA_K562_KASUMI_1.trimmed.dedup_repaired_sorted	0.746640096305748	1	2072	2107	deletion	157	20620575	21862125	9	chr9:20620575-21862125	149	231857	96270	0.415	MSI2
48	4_1_DNA_K562_KASUMI_1.trimmed.dedup_repaired_sorted	0.746640096305748	1	2108	2130	deletion	157	20620575	21862125	9	chr9:20620575-21862125	149	231857	96270	0.415	PPM1D
48	4_1_DNA_K562_KASUMI_1.trimmed.dedup_repaired_sorted	0.746640096305748	1	2131	2132	deletion	157	20620575	21862125	9	chr9:20620575-21862125	149	231857	96270	0.415	SRSF2
48	4_1_DNA_K562_KASUMI_1.trimmed.dedup_repaired_sorted	0.746640096305748	1	2133	2157	deletion	157	20620575	21862125	9	chr9:20620575-21862125	149	231857	96270	0.415	SETBP1
49	4_1_DNA_K562_KASUMI_1.trimmed.dedup_repaired_sorted	0.746640096305748	1	2184	2186	duplication	10	21974195	21995337	9	chr9:21974195-21995337	19.1	7937	15619	1.97	SETBP1
49	4_1_DNA_K562_KASUMI_1.trimmed.dedup_repaired_sorted	0.746640096305748	1	2187	2188	duplication	10	21974195	21995337	9	chr9:21974195-21995337	19.1	7937	15619	1.97	KATNAL2
49	4_1_DNA_K562_KASUMI_1.trimmed.dedup_repaired_sorted	0.746640096305748	1	2189	2193	duplication	10	21974195	21995337	9	chr9:21974195-21995337	19.1	7937	15619	1.97	TCF3
50	4_1_DNA_K562_KASUMI_1.trimmed.dedup_repaired_sorted	0.746640096305748	1	2432	2480	duplication	65	123382446	123930201	9	chr9:123382446-123930201	37.9	5060	7995	1.58	DNMT3A
50	4_1_DNA_K562_KASUMI_1.trimmed.dedup_repaired_sorted	0.746640096305748	1	2481	2482	duplication	65	123382446	123930201	9	chr9:123382446-123930201	37.9	5060	7995	1.58	XPO1
50	4_1_DNA_K562_KASUMI_1.trimmed.dedup_repaired_sorted	0.746640096305748	1	2483	2494	duplication	65	123382446	123930201	9	chr9:123382446-123930201	37.9	5060	7995	1.58	SF3B1
50	4_1_DNA_K562_KASUMI_1.trimmed.dedup_repaired_sorted	0.746640096305748	1	2495	2496	duplication	65	123382446	123930201	9	chr9:123382446-123930201	37.9	5060	7995	1.58	IDH1
51	4_1_DNA_K562_KASUMI_1.trimmed.dedup_repaired_sorted	0.746640096305748	1	2536	2577	duplication	267	125146568	128916428	9	chr9:125146568-128916428	162	21471	34224	1.59	RUNX1
51	4_1_DNA_K562_KASUMI_1.trimmed.dedup_repaired_sorted	0.746640096305748	1	2578	2603	duplication	267	125146568	128916428	9	chr9:125146568-128916428	162	21471	34224	1.59	ERG
51	4_1_DNA_K562_KASUMI_1.trimmed.dedup_repaired_sorted	0.746640096305748	1	2604	2607	duplication	267	125146568	128916428	9	chr9:125146568-128916428	162	21471	34224	1.59	U2AF1
51	4_1_DNA_K562_KASUMI_1.trimmed.dedup_repaired_sorted	0.746640096305748	1	2608	2609	duplication	267	125146568	128916428	9	chr9:125146568-128916428	162	21471	34224	1.59	COL6A2
51	4_1_DNA_K562_KASUMI_1.trimmed.dedup_repaired_sorted	0.746640096305748	1	2610	2644	duplication	267	125146568	128916428	9	chr9:125146568-128916428	162	21471	34224	1.59	TXNRD2
51	4_1_DNA_K562_KASUMI_1.trimmed.dedup_repaired_sorted	0.746640096305748	1	2645	2658	duplication	267	125146568	128916428	9	chr9:125146568-128916428	162	21471	34224	1.59	COMT
51	4_1_DNA_K562_KASUMI_1.trimmed.dedup_repaired_sorted	0.746640096305748	1	2659	2686	duplication	267	125146568	128916428	9	chr9:125146568-128916428	162	21471	34224	1.59	PPM1F
51	4_1_DNA_K562_KASUMI_1.trimmed.dedup_repaired_sorted	0.746640096305748	1	2687	2692	duplication	267	125146568	128916428	9	chr9:125146568-128916428	162	21471	34224	1.59	VPREB1
51	4_1_DNA_K562_KASUMI_1.trimmed.dedup_repaired_sorted	0.746640096305748	1	2693	2802	duplication	267	125146568	128916428	9	chr9:125146568-128916428	162	21471	34224	1.59	BCR
52	4_1_DNA_K562_KASUMI_1.trimmed.dedup_repaired_sorted	0.746640096305748	1	2953	2988	duplication	36	130053880	130226507	9	chr9:130053880-130226507	20.9	2665	4212	1.58	DERL3, SLC2A11, CABIN1
53	4_1_DNA_K562_KASUMI_1.trimmed.dedup_repaired_sorted	0.746640096305748	1	3030	3049	duplication	20	130319476	130347383	9	chr9:130319476-130347383	11.4	1449	2280	1.57	CABIN1
54	4_1_DNA_K562_KASUMI_1.trimmed.dedup_repaired_sorted	0.746640096305748	1	3277	3312	duplication	36	130579546	130681759	9	chr9:130579546-130681759	27.6	1853	3168	1.71	MYH9
55	4_1_DNA_K562_KASUMI_1.trimmed.dedup_repaired_sorted	0.746640096305748	1	3332	3507	duplication	176	130835362	131233588	9	chr9:130835362-131233588	117	2417198	3868140	1.6	MYH9, TNRC6B, ST13, XPNPEP3, EP300
56	4_1_DNA_K562_KASUMI_1.trimmed.dedup_repaired_sorted	0.746640096305748	1	5285	5333	deletion	49	16040342	16080769	17	chr17:16040342-16080769	26.5	220901	122940	0.557	MYC, FAM135B, JAK2, MLLT3
57	4_1_DNA_K562_KASUMI_1.trimmed.dedup_repaired_sorted	0.746640096305748	1	6106	6163	duplication	58	19911293	21952929	22	chr22:19911293-21952929	28.2	349560	513675	1.47	PKN3, LRRC8A, NUP188
58	4_1_DNA_K562_KASUMI_1.trimmed.dedup_repaired_sorted	0.746640096305748	1	6170	6312	duplication	143	23180721	23290392	22	chr22:23180721-23290392	93.3	2463175	3900101	1.58	NUP188, USP20, GPR107, NCS1
59	4_1_DNA_K562_KASUMI_1.trimmed.dedup_repaired_sorted	0.746640096305748	1	6426	6456	duplication	31	23834901	23884869	22	chr22:23834901-23884869	12.7	151	279	1.85	HMCN2
60	4_1_DNA_K562_KASUMI_1.trimmed.dedup_repaired_sorted	0.746640096305748	1	6657	6665	duplication	9	24620994	24627991	22	chr22:24620994-24627991	28.2	38915	76140	1.96	EXOSC2, ABL1
61	4_1_DNA_K562_KASUMI_1.trimmed.dedup_repaired_sorted	0.746640096305748	1	6893	6925	duplication	33	40826364	40926479	22	chr22:40826364-40926479	14.1	113	231	2.04	MED27, NOTCH1
62	4_10_DNA_REH.trimmed.dedup_repaired_sorted	0.974189772229465	3	2009	2244	deletion	236	20684185	22120797	9	chr9:20684185-22120797	876	274755	1180	0.00429	RARA, STAT5B, MSI2, PPM1D, SRSF2, SETBP1, KATNAL2, TCF3, MLLT1
63	4_10_DNA_REH.trimmed.dedup_repaired_sorted	0.974189772229465	3	6164	6169	deletion	6	22244716	22245435	22	chr22:22244716-22245435	44.2	48038	0	0	NUP188
64	4_10_DNA_REH.trimmed.dedup_repaired_sorted	0.974189772229465	3	6657	6669	deletion	13	24620994	24628890	22	chr22:24620994-24628890	55.3	12414	272	0.0219	EXOSC2, ABL1
65	4_2_DNA_RS4_11_MEI_1.trimmed.dedup_repaired_sorted	0.982039359229665	1	575	597	duplication	23	86948422	87090145	4	chr4:86948422-87090145	11.1	64890	79801	1.23	ATM
66	4_2_DNA_RS4_11_MEI_1.trimmed.dedup_repaired_sorted	0.982039359229665	1	916	917	deletion	2	186723640	186723879	4	chr4:186723640-186723879	6.02	716	315	0.44	KMT2D
67	4_2_DNA_RS4_11_MEI_1.trimmed.dedup_repaired_sorted	0.982039359229665	1	1337	1339	deletion	3	135181210	135181567	6	chr6:135181210-135181567	3.33	934	601	0.643	RB1
68	4_2_DNA_RS4_11_MEI_1.trimmed.dedup_repaired_sorted	0.982039359229665	1	1915	1919	duplication	5	92102777	92103376	8	chr8:92102777-92103376	5.62	10171	13797	1.36	NF1
69	4_2_DNA_RS4_11_MEI_1.trimmed.dedup_repaired_sorted	0.982039359229665	1	1976	2137	deletion	162	20346386	20995992	9	chr9:20346386-20995992	205	230857	147006	0.637	MLLT6, RARA, STAT5B, MSI2, PPM1D, SRSF2, SETBP1
70	4_2_DNA_RS4_11_MEI_1.trimmed.dedup_repaired_sorted	0.982039359229665	1	2143	2144	deletion	2	21816613	21816852	9	chr9:21816613-21816852	2.93	551	329	0.597	SETBP1
71	4_2_DNA_RS4_11_MEI_1.trimmed.dedup_repaired_sorted	0.982039359229665	1	2158	2195	duplication	38	21967892	22000637	9	chr9:21967892-22000637	121	82518	127791	1.55	SETBP1, KATNAL2, TCF3
72	4_2_DNA_RS4_11_MEI_1.trimmed.dedup_repaired_sorted	0.982039359229665	1	3331	3333	deletion	3	130835242	130835601	9	chr9:130835242-130835601	3.48	1918	1230	0.641	MYH9
73	4_2_DNA_RS4_11_MEI_1.trimmed.dedup_repaired_sorted	0.982039359229665	1	4021	4042	duplication	22	86250261	86278583	11	chr11:86250261-86278583	11.9	16627	20753	1.25	TET2, LEF1
74	4_2_DNA_RS4_11_MEI_1.trimmed.dedup_repaired_sorted	0.982039359229665	1	4049	4090	duplication	42	108235644	108272910	11	chr11:108235644-108272910	22.8	49736	62339	1.25	LEF1, FBXW7
75	4_2_DNA_RS4_11_MEI_1.trimmed.dedup_repaired_sorted	0.982039359229665	1	4114	4181	duplication	68	108299678	108365601	11	chr11:108299678-108365601	28.7	71579	87191	1.22	FAT1
76	4_2_DNA_RS4_11_MEI_1.trimmed.dedup_repaired_sorted	0.982039359229665	1	4190	4228	duplication	39	118471592	118482535	11	chr11:118471592-118482535	21.7	252155	313898	1.24	FAT1
77	4_2_DNA_RS4_11_MEI_1.trimmed.dedup_repaired_sorted	0.982039359229665	1	4239	4340	duplication	102	118490087	119278672	11	chr11:118490087-119278672	60.6	511648	645069	1.26	FAT1, TRIO
78	4_2_DNA_RS4_11_MEI_1.trimmed.dedup_repaired_sorted	0.982039359229665	1	4920	4980	duplication	61	48410397	48499802	13	chr13:48410397-48499802	52.5	60156	82706	1.37	IKZF1, FIGNL1
79	4_2_DNA_RS4_11_MEI_1.trimmed.dedup_repaired_sorted	0.982039359229665	1	5040	5040	deletion	1	90764124	90764243	15	chr15:90764124-90764243	2.54	109	48	0.44	CUX1
80	4_2_DNA_RS4_11_MEI_1.trimmed.dedup_repaired_sorted	0.982039359229665	1	6297	6303	duplication	7	23288473	23289312	22	chr22:23288473-23289312	4.46	1708	2145	1.26	GPR107
81	4_2_DNA_RS4_11_MEI_1.trimmed.dedup_repaired_sorted	0.982039359229665	1	6374	6382	duplication	9	23315202	23317718	22	chr22:23315202-23317718	4.88	14356	17556	1.22	HMCN2
82	4_2_DNA_RS4_11_MEI_1.trimmed.dedup_repaired_sorted	0.982039359229665	1	6654	6657	deletion	4	24620288	24621113	22	chr22:24620288-24621113	44.5	9960	3433	0.345	EXOSC2
83	4_2_DNA_RS4_11_MEI_1.trimmed.dedup_repaired_sorted	0.982039359229665	1	6664	6668	deletion	5	24627520	24628415	22	chr22:24627520-24628415	16.9	8869	3579	0.404	ABL1
84	4_3_DNA_Z119_JURKAT_1.trimmed.dedup_repaired_sorted	0.986002736616477	3	916	917	duplication	2	186723640	186723879	4	chr4:186723640-186723879	3.86	857	1386	1.62	KMT2D
85	4_3_DNA_Z119_JURKAT_1.trimmed.dedup_repaired_sorted	0.986002736616477	3	2009	2137	duplication	129	20684185	20995992	9	chr9:20684185-20995992	176	210873	308712	1.46	RARA, STAT5B, MSI2, PPM1D, SRSF2, SETBP1
86	4_3_DNA_Z119_JURKAT_1.trimmed.dedup_repaired_sorted	0.986002736616477	3	2183	2195	deletion	13	21973663	22000637	9	chr9:21973663-22000637	148	10033	741	0.0739	SETBP1, KATNAL2, TCF3
87	4_3_DNA_Z119_JURKAT_1.trimmed.dedup_repaired_sorted	0.986002736616477	3	2439	2474	duplication	36	123401491	123462028	9	chr9:123401491-123462028	13.7	999	1296	1.3	DNMT3A
88	4_3_DNA_Z119_JURKAT_1.trimmed.dedup_repaired_sorted	0.986002736616477	3	2910	2934	duplication	25	129860862	129873841	9	chr9:129860862-129873841	11.3	79035	96652	1.22	DRICH1, SMARCB1
89	4_3_DNA_Z119_JURKAT_1.trimmed.dedup_repaired_sorted	0.986002736616477	3	2953	2988	duplication	36	130053880	130226507	9	chr9:130053880-130226507	16.8	910	1224	1.35	DERL3, SLC2A11, CABIN1
90	4_3_DNA_Z119_JURKAT_1.trimmed.dedup_repaired_sorted	0.986002736616477	3	3025	3109	duplication	85	130307380	130373196	9	chr9:130307380-130373196	35.8	475401	574289	1.21	CABIN1, SPECC1L
91	4_3_DNA_Z119_JURKAT_1.trimmed.dedup_repaired_sorted	0.986002736616477	3	3227	3242	duplication	16	130428299	130433744	9	chr9:130428299-130433744	7.47	119010	144822	1.22	DEPDC5
92	4_3_DNA_Z119_JURKAT_1.trimmed.dedup_repaired_sorted	0.986002736616477	3	4920	4924	deletion	5	48410397	48426176	13	chr13:48410397-48426176	5.65	2433	1547	0.636	IKZF1
93	4_3_DNA_Z119_JURKAT_1.trimmed.dedup_repaired_sorted	0.986002736616477	3	4927	4982	deletion	56	48435834	48500960	13	chr13:48435834-48500960	75.3	100710	59798	0.594	IKZF1, FIGNL1
94	4_3_DNA_Z119_JURKAT_1.trimmed.dedup_repaired_sorted	0.986002736616477	3	6374	6382	deletion	9	23315202	23317718	22	chr22:23315202-23317718	20.6	27162	16521	0.608	HMCN2
95	4_3_DNA_Z119_JURKAT_1.trimmed.dedup_repaired_sorted	0.986002736616477	3	6658	6664	deletion	7	24623068	24627639	22	chr22:24623068-24627639	156	9124	51	0.00559	EXOSC2, ABL1
96	4_3_DNA_Z119_JURKAT_1.trimmed.dedup_repaired_sorted	0.986002736616477	3	6658	6669	duplication	5	24623068	24628890	22	chr22:24623068-24628890	-104	15811	17844	1.13	EXOSC2, ABL1
97	4_3_DNA_Z119_JURKAT_1.trimmed.dedup_repaired_sorted	0.986002736616477	3	6893	6925	deletion	33	40826364	40926479	22	chr22:40826364-40926479	14.1	61	0	0	MED27, NOTCH1
98	4_3_DNA_Z119_JURKAT_1.trimmed.dedup_repaired_sorted	0.986002736616477	3	7127	7155	duplication	29	44961209	45062813	X	chrX:44961209-45062813	17	13133	16899	1.29	KDM6A
99	4_4_DNA_BV173.trimmed.dedup_repaired_sorted	0.937086330216822	2	1533	1551	deletion	19	50348656	50359935	7	chr7:50348656-50359935	37.6	47160	8417	0.178	CREBBP
100	4_4_DNA_BV173.trimmed.dedup_repaired_sorted	0.937086330216822	2	1557	1593	deletion	37	50364439	50373395	7	chr7:50364439-50373395	80.3	107314	20074	0.187	CREBBP, MYH11
101	4_4_DNA_BV173.trimmed.dedup_repaired_sorted	0.937086330216822	2	1782	1866	duplication	85	41932153	42052057	8	chr8:41932153-42052057	35.8	690788	989819	1.43	NCOR1, NF1
102	4_4_DNA_BV173.trimmed.dedup_repaired_sorted	0.937086330216822	2	2138	2155	duplication	18	21802623	21859482	9	chr9:21802623-21859482	11.2	42215	72302	1.71	SETBP1
103	4_4_DNA_BV173.trimmed.dedup_repaired_sorted	0.937086330216822	2	2184	2193	deletion	10	21974195	21995337	9	chr9:21974195-21995337	32.1	9686	1020	0.105	SETBP1, KATNAL2, TCF3
104	4_4_DNA_BV173.trimmed.dedup_repaired_sorted	0.937086330216822	2	2196	2244	duplication	49	22009620	22120797	9	chr9:22009620-22120797	27.8	40269	65549	1.63	TCF3, MLLT1
105	4_4_DNA_BV173.trimmed.dedup_repaired_sorted	0.937086330216822	2	2536	2802	deletion	267	125146568	128916428	9	chr9:125146568-128916428	117	5971	2937	0.492	RUNX1, ERG, U2AF1, COL6A2, TXNRD2, COMT, PPM1F, VPREB1, BCR
106	4_4_DNA_BV173.trimmed.dedup_repaired_sorted	0.937086330216822	2	3030	3049	deletion	20	130319476	130347383	9	chr9:130319476-130347383	10.3	397	180	0.453	CABIN1
107	4_4_DNA_BV173.trimmed.dedup_repaired_sorted	0.937086330216822	2	3277	3312	deletion	36	130579546	130681759	9	chr9:130579546-130681759	18.2	434	180	0.415	MYH9
108	4_4_DNA_BV173.trimmed.dedup_repaired_sorted	0.937086330216822	2	6171	6213	duplication	43	23180841	23207892	22	chr22:23180841-23207892	16.4	571145	794815	1.39	NUP188
109	4_4_DNA_BV173.trimmed.dedup_repaired_sorted	0.937086330216822	2	6374	6382	duplication	9	23315202	23317718	22	chr22:23315202-23317718	5.13	18839	27278	1.45	HMCN2
110	4_4_DNA_BV173.trimmed.dedup_repaired_sorted	0.937086330216822	2	6658	6669	deletion	12	24623068	24628890	22	chr22:24623068-24628890	63.5	15732	29503	1.88	EXOSC2, ABL1
111	4_4_DNA_BV173.trimmed.dedup_repaired_sorted	0.937086330216822	2	7127	7166	deletion	40	44961209	45070398	X	chrX:44961209-45070398	312	30467	0	0	KDM6A
112	AM_DNA.trimmed.dedup_repaired_sorted	0.848779411418287	1	2432	2492	duplication	61	123382446	123798568	9	chr9:123382446-123798568	31.6	422	1281	3.04	DNMT3A, XPO1, SF3B1
113	AM_DNA.trimmed.dedup_repaired_sorted	0.848779411418287	1	2503	2513	deletion	11	124291848	124300245	9	chr9:124291848-124300245	7.24	10213	2725	0.267	ASXL1
114	AM_DNA.trimmed.dedup_repaired_sorted	0.848779411418287	1	2536	2802	duplication	267	125146568	128916428	9	chr9:125146568-128916428	127	2177	5607	2.58	RUNX1, ERG, U2AF1, COL6A2, TXNRD2, COMT, PPM1F, VPREB1, BCR
115	AM_DNA.trimmed.dedup_repaired_sorted	0.848779411418287	1	2953	2988	duplication	36	130053880	130226507	9	chr9:130053880-130226507	15.2	264	612	2.32	DERL3, SLC2A11, CABIN1
116	AM_DNA.trimmed.dedup_repaired_sorted	0.848779411418287	1	3030	3049	duplication	20	130319476	130347383	9	chr9:130319476-130347383	8.58	149	352	2.36	CABIN1
117	AM_DNA.trimmed.dedup_repaired_sorted	0.848779411418287	1	3092	3160	deletion	69	130365548	130393368	9	chr9:130365548-130393368	27.8	74320	27490	0.37	CABIN1, SPECC1L, GUCD1
118	AM_DNA.trimmed.dedup_repaired_sorted	0.848779411418287	1	3222	3242	deletion	21	130427212	130433744	9	chr9:130427212-130433744	10.9	17309	5409	0.312	DEPDC5
119	AM_DNA.trimmed.dedup_repaired_sorted	0.848779411418287	1	3573	3672	deletion	100	136496027	136544176	9	chr9:136496027-136544176	119	73162	11470	0.157	SETD2, FLNB
120	AM_DNA.trimmed.dedup_repaired_sorted	0.848779411418287	1	3675	3687	deletion	13	137039739	137043100	9	chr9:137039739-137043100	14.1	7525	1228	0.163	FLNB
121	AM_DNA.trimmed.dedup_repaired_sorted	0.848779411418287	1	4655	4680	duplication	26	49052251	49055443	12	chr12:49052251-49055443	10.4	57724	104803	1.82	HBS1L, MYB
122	AM_DNA.trimmed.dedup_repaired_sorted	0.848779411418287	1	4779	4792	deletion	14	121814377	121817964	12	chr12:121814377-121817964	6.62	12660	4236	0.335	AFDN
123	AM_DNA.trimmed.dedup_repaired_sorted	0.848779411418287	1	5033	5036	deletion	4	104780024	104792735	14	chr14:104780024-104792735	3.69	1507	364	0.242	CUX1
124	AM_DNA.trimmed.dedup_repaired_sorted	0.848779411418287	1	5760	5779	deletion	20	1619276	1627502	19	chr19:1619276-1627502	15.7	7162	1807	0.252	DENND1A
125	AM_DNA.trimmed.dedup_repaired_sorted	0.848779411418287	1	5796	5807	deletion	12	6213980	6222741	19	chr19:6213980-6222741	6.8	13996	4007	0.286	DENND1A
126	AM_DNA.trimmed.dedup_repaired_sorted	0.848779411418287	1	5857	5886	deletion	30	11021657	11041609	19	chr19:11021657-11041609	16.3	13766	4153	0.302	NEK6, PPP6C
127	AM_DNA.trimmed.dedup_repaired_sorted	0.848779411418287	1	5936	5948	deletion	13	18444698	18451032	19	chr19:18444698-18451032	9.54	12467	2951	0.237	CERCAM
128	AM_DNA.trimmed.dedup_repaired_sorted	0.848779411418287	1	6087	6099	deletion	13	19876953	19883510	22	chr22:19876953-19883510	7.63	7954	2205	0.277	PKN3
129	AM_DNA.trimmed.dedup_repaired_sorted	0.848779411418287	1	6537	6577	deletion	41	24155773	24178323	22	chr22:24155773-24178323	30.4	52721	14522	0.275	HMCN2, ASS1
130	AM_DNA.trimmed.dedup_repaired_sorted	0.848779411418287	1	6772	6789	deletion	18	36300069	36306696	22	chr22:36300069-36306696	9.33	8776	2757	0.314	NUP214
